0 26
0 36
0 41
0 47
1 5
1 9
1 23
1 24
1 28
2 3
2 10
2 15
2 16
2 18
2 23
2 30
2 31
2 33
2 34
2 38
2 40
2 45
2 47
2 48
2 179
2 402
3 4
3 9
3 12
3 19
3 29
3 32
3 46
3 47
3 331
4 14
4 17
4 29
4 32
4 40
4 43
4 44
4 49
5 8
5 13
5 19
5 20
5 26
5 37
5 38
5 44
5 45
6 10
6 11
6 13
6 17
6 34
6 35
6 37
6 38
6 463
7 10
7 16
7 19
7 22
7 23
7 26
7 29
7 46
7 47
8 13
8 14
8 16
8 18
8 19
8 22
8 23
8 47
8 48
9 11
9 17
9 19
9 22
9 23
9 29
9 34
9 36
9 37
9 40
10 12
10 16
10 25
10 31
10 32
10 40
10 47
11 15
11 18
11 21
11 25
11 26
11 28
11 30
11 33
11 39
11 40
11 42
11 45
11 46
11 49
12 20
12 22
12 24
12 33
12 34
12 35
12 36
12 37
12 41
12 44
12 48
12 50
12 150
12 492
13 33
13 38
13 41
13 46
13 156
14 20
14 22
14 27
14 33
14 40
15 21
15 25
15 34
15 37
15 39
15 42
15 44
15 49
16 17
16 26
16 29
16 36
16 44
16 47
17 18
17 19
17 20
17 22
17 42
17 43
17 44
17 46
18 23
18 29
18 30
18 34
18 43
18 45
18 48
19 22
19 23
19 24
19 29
19 33
19 34
19 36
19 384
20 22
20 24
20 33
20 35
20 49
21 26
21 27
21 31
21 45
22 23
22 38
22 39
23 26
23 27
23 29
23 30
23 33
23 34
23 41
24 27
24 31
24 32
24 36
24 41
24 43
24 46
24 47
24 503
25 28
25 33
25 35
25 36
25 38
26 35
26 37
27 39
27 49
27 184
28 29
28 30
28 31
28 39
28 43
28 44
28 46
28 47
28 476
29 41
29 46
30 38
30 153
31 33
31 41
31 431
32 33
32 34
32 35
32 43
32 46
32 49
33 36
33 39
33 40
33 41
33 43
34 41
34 42
34 43
34 47
34 49
34 122
35 42
35 225
36 39
36 42
36 45
36 48
36 105
37 41
37 191
37 286
37 514
38 39
38 47
38 49
38 443
38 444
39 41
39 43
39 45
39 48
40 44
40 45
40 296
41 45
41 47
41 549
42 43
42 45
42 48
43 47
43 48
44 49
44 266
45 101
46 47
46 540
47 49
48 527
50 51
50 67
50 71
50 75
50 77
50 79
50 86
50 99
50 301
51 53
51 63
51 65
51 68
51 74
51 84
52 60
52 61
52 71
52 76
52 80
52 89
52 92
53 55
53 56
53 62
53 68
53 73
53 75
53 78
53 79
53 80
53 86
53 87
53 89
53 92
53 94
54 59
54 60
54 69
54 82
54 466
55 57
55 60
55 73
55 80
55 81
55 84
55 88
55 90
55 91
55 94
55 96
55 97
56 57
56 58
56 74
56 86
56 87
56 89
56 505
57 61
57 63
57 77
57 82
57 83
57 90
57 99
58 73
58 74
58 75
58 88
58 96
58 433
59 65
59 72
59 74
59 79
59 82
59 90
59 93
60 65
60 66
60 69
60 74
60 80
60 82
60 88
60 93
60 95
61 65
61 94
61 99
62 65
62 74
62 77
62 81
62 90
62 94
63 68
63 79
63 82
63 88
63 95
63 98
64 73
64 83
64 84
64 89
64 90
64 91
64 93
65 70
65 73
65 76
65 81
65 84
65 85
65 91
65 95
66 79
66 94
66 98
66 554
67 68
67 71
67 74
67 75
67 79
67 81
67 95
68 69
68 70
68 71
68 79
68 81
68 92
68 255
69 70
69 72
69 73
69 78
69 84
69 90
69 97
69 98
69 99
70 72
70 73
70 79
70 83
70 86
70 95
70 98
70 513
71 72
71 80
71 82
71 84
71 85
71 91
71 95
71 97
72 76
72 82
72 87
72 88
72 89
73 79
73 85
73 86
73 91
73 92
73 95
74 75
74 84
74 85
74 89
74 99
75 96
75 264
75 447
76 78
76 85
76 93
76 96
76 98
77 86
77 87
77 339
78 80
78 87
78 89
78 93
78 96
79 82
79 87
79 93
79 97
79 99
80 83
80 92
80 93
80 96
80 97
80 99
81 84
81 91
81 98
81 234
82 85
82 94
82 95
82 535
83 87
83 90
83 91
83 98
83 537
84 85
84 88
84 97
84 99
85 86
85 87
85 97
86 93
87 92
87 93
87 98
87 145
87 556
88 90
88 95
88 252
88 350
88 548
89 91
89 97
89 261
90 95
90 96
90 405
91 93
92 93
92 96
92 98
92 116
92 547
93 584
94 96
95 578
96 98
96 99
96 113
97 246
98 99
128 133
128 141
128 142
128 143
128 149
128 102
128 103
128 107
128 108
128 114
129 130
129 137
129 138
129 145
129 146
129 147
129 100
129 107
129 108
129 111
129 114
129 121
129 124
129 416
130 131
130 132
130 106
130 110
130 115
130 116
130 119
130 124
130 337
131 133
131 135
131 143
131 144
131 148
131 106
131 107
131 120
132 140
132 141
132 144
132 149
132 102
132 103
132 105
132 107
132 116
132 119
132 120
132 125
133 135
133 145
133 149
133 100
133 101
133 105
133 106
133 110
133 111
133 113
133 117
133 123
133 127
133 387
134 136
134 149
134 106
134 107
134 111
134 112
134 115
134 119
134 124
134 126
135 136
135 137
135 146
135 104
135 109
135 120
135 121
135 216
136 137
136 143
136 106
136 118
136 120
136 124
137 141
137 144
137 147
137 148
137 149
137 111
137 121
137 124
137 456
138 145
138 147
138 100
138 101
138 104
138 109
138 122
138 125
138 127
138 182
139 140
139 143
139 147
139 149
139 105
139 119
139 123
139 124
139 125
140 143
140 148
140 102
140 107
140 113
140 116
140 123
140 125
140 228
141 143
141 144
141 148
141 149
141 113
141 114
141 123
142 143
142 147
142 100
142 102
142 103
142 117
142 118
142 122
142 123
142 240
143 103
143 106
143 108
143 109
143 111
143 127
144 101
145 148
145 102
145 104
145 108
145 111
145 114
145 116
145 117
145 119
145 121
145 123
145 127
145 201
145 206
146 105
146 107
146 110
146 120
147 101
147 106
147 121
147 124
147 351
148 104
148 108
148 115
148 118
148 123
148 124
149 101
149 109
149 125
100 110
100 116
100 126
101 108
101 109
101 110
101 116
101 126
102 103
102 107
102 114
102 119
102 123
102 124
102 125
102 440
103 106
103 110
103 123
103 125
103 126
103 127
104 105
104 109
104 112
105 113
105 114
105 115
105 116
105 125
105 361
105 467
106 113
106 122
106 126
106 241
106 589
107 110
107 113
107 115
107 117
107 121
107 126
107 290
108 119
108 125
109 112
109 118
109 119
109 121
109 123
109 124
109 127
110 122
110 126
110 399
111 114
111 118
111 120
111 121
112 113
112 120
112 121
112 150
113 119
113 364
114 121
114 126
115 116
115 117
115 118
115 120
115 123
116 121
116 125
116 127
116 245
117 119
117 122
118 271
119 120
119 121
119 124
119 125
119 174
120 125
122 237
122 462
125 554
125 576
126 158
126 301
150 154
150 156
150 157
150 161
150 163
150 171
150 176
150 180
150 181
150 185
151 152
151 153
151 158
151 162
151 168
151 173
151 176
151 182
151 189
151 193
151 197
151 543
152 154
152 155
152 158
152 170
152 171
152 184
152 185
152 188
152 190
152 191
152 193
152 195
152 347
153 156
153 162
153 163
153 183
153 185
153 187
153 190
153 191
153 199
154 162
154 165
154 181
154 198
155 160
155 162
155 164
155 168
155 169
155 173
155 182
155 185
155 192
155 210
156 158
156 159
156 162
156 171
156 176
156 183
156 185
156 188
156 196
157 159
157 168
157 170
157 172
157 173
157 175
157 181
157 183
157 185
157 186
157 188
157 194
157 195
158 168
158 182
158 186
158 189
158 190
158 199
158 554
159 161
159 167
159 172
159 176
159 177
159 178
159 186
159 194
159 449
160 167
160 192
160 195
161 174
161 181
161 185
161 186
161 187
161 190
161 193
162 164
162 173
162 175
162 177
162 179
163 164
163 172
163 174
163 177
163 179
163 180
163 185
163 188
164 165
164 169
164 170
164 180
164 187
164 188
164 192
164 197
165 169
165 177
165 186
165 187
165 191
165 194
165 195
165 196
166 169
166 170
166 172
166 184
166 185
166 187
166 191
167 173
167 174
167 180
167 189
167 192
167 197
168 170
168 173
168 187
168 193
168 196
168 199
169 172
169 182
169 188
169 192
169 195
169 197
169 199
170 172
170 180
170 184
170 186
170 187
170 192
170 196
171 181
171 182
171 187
171 189
171 191
171 192
171 194
172 174
172 175
172 178
172 182
172 184
172 192
172 193
172 194
172 198
173 178
173 183
173 184
173 187
173 191
174 199
175 178
175 182
175 186
175 187
175 194
175 196
175 454
176 178
176 187
176 194
176 195
177 179
177 182
177 194
177 195
178 181
178 182
178 193
178 194
178 196
179 186
179 187
179 190
179 196
181 188
181 197
182 183
182 184
182 194
182 446
183 190
183 196
183 199
183 470
184 191
184 197
184 366
185 189
185 193
185 197
185 198
185 393
186 194
186 198
187 196
187 199
188 191
188 198
189 416
190 342
191 192
191 194
191 199
192 196
192 199
192 506
193 578
194 197
194 489
194 590
195 199
200 205
200 207
200 211
200 213
200 218
200 223
200 224
201 202
201 204
201 210
201 212
201 217
201 224
201 233
201 236
201 238
201 239
201 453
202 207
202 209
202 210
202 215
202 216
202 218
202 222
202 234
202 239
202 461
203 204
203 210
203 211
203 212
203 213
203 216
203 217
203 223
203 227
203 228
203 229
203 234
204 207
204 214
204 215
204 218
204 231
205 215
205 226
205 262
206 209
206 213
206 216
206 220
206 228
206 239
207 208
207 211
207 212
207 215
207 216
207 217
207 220
207 226
207 233
207 236
207 237
207 238
207 239
207 541
208 213
208 218
208 222
208 229
208 232
209 213
209 214
209 215
209 235
209 237
209 238
209 306
210 216
210 220
210 442
211 220
211 222
211 223
211 230
211 232
212 218
212 219
212 226
212 230
213 215
213 218
213 223
214 215
214 220
214 221
214 223
214 229
214 235
215 219
215 223
215 231
215 233
215 234
215 237
215 239
215 251
216 224
216 233
216 239
217 218
217 221
217 225
217 226
217 236
218 221
218 224
218 228
218 229
219 220
219 221
219 222
220 223
220 235
221 222
221 223
221 224
221 233
222 224
222 228
222 338
222 580
223 227
223 231
223 232
223 237
224 226
224 231
224 234
224 239
225 232
225 233
225 236
225 237
226 227
226 234
227 232
227 410
228 238
229 238
230 231
230 234
230 235
230 236
230 266
231 233
231 236
231 238
233 235
233 238
233 239
233 274
234 433
234 461
237 265
239 420
256 274
256 278
256 242
256 245
256 255
256 348
257 267
257 275
257 278
257 242
257 244
257 246
257 252
257 253
258 259
258 266
258 267
258 269
258 275
258 245
258 249
258 250
258 253
258 254
259 261
259 262
259 271
259 273
259 240
259 244
260 261
260 270
260 240
260 241
260 242
260 245
260 255
261 273
261 274
261 277
261 279
261 252
261 254
261 443
262 263
262 268
262 276
262 241
262 242
262 243
262 244
262 245
262 253
263 267
263 270
263 275
263 241
263 243
263 245
264 266
264 240
264 247
264 249
264 251
264 253
265 266
265 267
265 276
265 241
265 244
265 252
266 267
266 270
266 271
266 276
266 278
266 241
266 245
266 255
267 240
268 269
268 274
268 278
268 241
268 242
268 249
268 253
269 270
269 240
269 243
269 247
269 248
269 251
269 254
270 278
270 241
270 242
270 245
270 251
270 451
271 273
271 275
271 276
271 278
271 241
271 242
271 244
271 245
271 248
272 275
272 240
272 241
272 255
273 278
274 254
275 276
275 278
275 240
275 242
275 246
275 252
275 255
275 468
276 249
276 251
276 252
276 254
276 255
277 247
277 248
277 250
278 279
278 244
279 240
279 249
279 255
240 242
241 245
242 245
242 250
242 254
243 251
243 252
244 249
244 251
244 252
244 255
246 247
246 255
248 250
249 486
250 252
250 253
250 255
253 581
255 478
280 281
280 282
280 300
280 304
280 310
280 313
280 314
281 287
281 288
281 299
281 313
281 315
281 567
282 283
282 293
282 299
282 303
282 307
282 312
283 304
283 305
283 308
283 310
283 314
284 291
284 303
284 308
284 312
285 287
285 290
285 291
285 293
285 298
285 306
285 308
285 310
285 314
285 318
285 319
286 287
286 292
286 296
286 307
286 308
286 315
286 316
286 317
287 288
287 295
287 306
287 316
288 298
288 301
288 302
288 304
288 306
288 314
288 315
288 317
289 295
289 302
289 304
289 309
289 311
290 295
290 297
290 306
290 313
291 293
291 296
291 301
291 315
291 533
292 295
292 302
292 304
292 307
293 294
293 303
293 306
294 298
294 302
294 309
294 310
294 316
294 319
295 297
295 298
295 299
295 302
295 303
295 305
295 306
295 309
295 318
296 300
296 310
297 303
297 311
297 315
297 480
298 310
299 304
299 305
300 304
300 308
300 311
301 303
301 305
301 309
302 307
302 312
302 314
302 317
303 314
303 315
303 318
303 562
304 310
304 313
304 314
304 317
305 307
305 309
305 311
306 310
306 317
307 309
307 310
307 313
307 315
307 317
308 313
308 318
309 318
309 319
310 313
310 384
311 315
311 317
312 316
312 372
313 314
313 316
313 317
313 318
315 317
320 321
320 326
320 327
320 334
320 351
320 355
320 500
321 328
321 334
321 337
321 357
322 329
322 339
322 340
322 342
322 346
322 347
322 349
322 351
322 357
322 359
323 326
323 331
323 335
323 341
323 342
323 351
324 326
324 328
324 331
324 332
324 334
324 341
324 348
324 354
324 356
325 326
325 331
325 333
325 338
325 341
325 344
325 346
325 354
325 359
326 327
326 328
326 329
326 331
326 332
326 336
326 341
326 346
326 354
327 334
327 336
327 338
327 346
327 349
327 350
328 329
328 340
328 344
328 345
328 352
328 354
328 359
329 330
329 333
329 337
329 338
329 348
329 538
330 334
330 348
330 351
330 357
330 358
331 333
331 335
331 339
331 344
331 345
331 349
331 351
331 355
332 335
332 340
332 343
332 348
332 353
332 355
332 356
332 359
333 334
333 337
333 340
333 343
333 349
333 350
333 355
333 359
334 340
334 342
334 346
334 348
334 352
334 353
334 354
334 355
335 339
335 340
335 341
335 356
335 358
336 337
336 339
336 346
336 348
336 349
337 342
337 345
337 346
337 352
338 343
338 352
338 359
338 483
339 349
340 341
340 349
340 355
340 356
340 358
341 342
341 344
341 346
341 348
341 354
341 356
342 352
342 357
342 358
342 359
343 357
344 348
344 349
344 353
344 354
344 356
344 358
345 350
345 351
345 357
346 349
346 353
347 352
348 354
348 355
348 478
349 358
350 357
351 357
352 355
355 357
355 359
356 359
358 443
384 387
384 389
384 375
384 379
384 383
385 388
385 369
385 370
385 376
385 379
386 364
386 365
386 367
386 376
386 377
386 378
386 381
387 388
387 365
387 368
387 374
387 378
387 379
388 389
388 366
388 367
388 373
388 383
389 360
389 367
389 379
389 423
360 361
360 362
360 383
361 365
361 367
361 379
362 364
362 369
362 372
362 380
363 364
363 365
363 378
363 379
363 380
363 383
364 375
364 377
364 378
364 390
365 376
365 381
366 372
366 378
366 383
369 370
369 377
369 380
369 567
370 372
370 376
370 378
370 383
370 519
371 378
372 374
372 380
373 378
373 380
373 404
374 379
374 381
375 376
375 532
376 377
377 492
378 381
378 383
380 391
390 391
390 399
390 400
390 407
390 408
390 409
390 410
390 412
390 414
391 398
391 403
391 409
391 414
391 419
392 393
392 395
392 396
392 398
392 403
392 404
392 408
392 413
392 416
392 418
393 397
393 400
393 402
393 403
393 406
393 409
393 411
393 419
393 453
394 402
394 404
394 406
394 413
394 418
395 397
395 410
395 414
395 417
396 401
396 402
396 410
396 416
397 399
397 402
397 405
397 414
397 416
398 399
398 401
398 405
398 407
398 410
399 410
399 416
399 465
400 404
400 405
400 415
400 416
400 418
400 419
401 405
401 409
401 410
401 412
401 413
401 416
401 417
402 406
402 411
402 414
402 415
402 417
403 409
403 410
403 415
403 416
403 417
404 406
404 407
404 410
404 415
405 409
405 411
405 416
406 407
406 408
406 412
407 408
407 416
407 417
408 413
408 414
408 415
408 418
409 410
409 412
409 414
410 414
410 419
412 418
413 415
413 418
414 417
415 416
415 419
416 454
420 423
420 425
420 432
420 433
420 447
420 451
421 424
421 425
421 433
421 434
421 436
421 439
421 445
421 446
422 427
422 433
422 441
422 442
423 425
423 436
423 438
423 447
424 427
424 428
424 434
424 439
424 441
424 444
425 430
425 435
425 443
425 448
426 427
426 439
426 443
426 447
427 428
427 429
427 431
427 432
427 434
427 437
427 444
427 448
428 429
428 433
428 434
428 449
429 430
429 440
429 443
430 434
430 436
430 438
430 445
431 434
431 446
432 434
432 435
432 438
432 443
432 444
433 437
433 442
433 443
433 445
434 435
434 437
434 439
434 447
435 436
435 443
436 437
436 440
437 439
437 442
437 447
438 444
438 448
439 447
439 448
439 449
440 442
441 448
442 445
443 444
443 445
443 448
444 447
445 446
450 453
450 468
450 469
450 471
450 478
451 452
451 456
451 470
451 471
452 455
452 457
452 476
452 477
453 455
453 456
453 464
453 465
453 470
453 475
453 476
453 478
454 457
454 462
454 465
454 470
454 471
454 472
454 473
454 476
455 462
455 472
455 475
455 477
455 478
456 465
456 470
456 471
456 472
456 474
456 475
456 476
457 464
457 465
457 468
457 475
458 460
458 461
458 462
458 464
458 467
458 473
458 474
458 477
458 479
459 461
459 462
459 470
460 463
460 469
460 472
460 474
461 464
461 468
461 479
462 468
462 470
463 464
463 465
463 477
463 479
464 470
464 474
465 469
465 471
465 474
466 467
466 469
466 472
466 474
466 475
466 478
467 468
467 469
467 479
468 471
468 472
468 476
469 475
469 477
469 587
470 475
470 542
471 474
472 476
472 477
472 478
475 590
480 495
480 496
480 499
481 496
481 497
481 498
482 483
483 485
483 487
483 491
483 495
483 496
484 489
484 492
484 496
485 488
486 489
486 492
486 493
486 496
487 492
487 495
488 489
488 490
488 493
488 497
489 490
489 492
489 497
489 498
490 553
491 493
491 495
491 497
492 493
492 495
493 494
494 496
496 497
512 513
512 500
512 501
512 504
512 511
513 519
513 500
513 504
514 516
515 504
515 510
516 518
517 519
517 503
517 507
517 509
517 511
518 507
518 546
519 506
500 502
500 508
501 503
501 509
502 504
502 508
502 509
503 511
505 508
507 510
508 511
520 527
520 531
520 534
521 527
521 529
521 532
521 539
522 524
522 530
523 535
524 529
524 531
524 532
526 527
526 534
527 533
527 534
527 536
527 539
528 537
528 538
529 539
531 539
532 533
532 537
532 538
535 536
535 539
537 539
538 539
540 542
540 545
540 547
540 550
540 552
540 555
541 542
541 553
541 556
541 558
542 543
542 544
542 548
542 553
543 553
544 549
544 557
544 558
545 546
545 551
545 557
546 551
546 555
547 556
547 558
548 551
548 553
548 555
548 558
548 559
549 551
549 553
550 555
550 559
551 554
551 555
552 553
552 558
553 556
553 581
554 559
556 558
557 558
557 559
560 567
560 569
561 566
563 564
563 566
563 567
564 565
564 568
565 567
576 577
576 574
576 575
577 571
578 571
579 570
579 571
571 574
571 575
581 583
581 589
582 589
583 588
584 588
586 587
590 598
591 592
591 593
591 594
592 593
596 597
598 599
